1.3157905263157896 35.41213967317869 
3.947371578947369 38.552895015048875 
6.578952631578948 19.872950041566853 
9.210533684210526 11.415252068070426 
11.842114736842106 16.329404972644554 
14.473695789473684 10.36121957558041 
17.105276842105265 15.399962919713744 
19.736857894736843 8.29770136323607 
22.36843894736842 6.682308436711083 
25.000020000000003 8.84669464189781 
27.631601052631577 4.184353506804206 
30.26318210526316 5.993947473142644 
32.894763157894744 5.749296056479502 
35.52634421052632 6.354982110389313 
38.1579252631579 2.6244371688556734 
40.789506315789474 4.182270856994736 
43.421087368421055 3.610512949097768 
46.05266842105263 4.18162540081324 
48.68424947368421 2.036808332259387 
